devourer stats

weap
2545 99
2376 73
1968 12



==6.689
0:1888
100:2557

head
1116 62
971 17
1035 37
995 24
1123 64


==3.2
0:917
100:1237

shoulder
2043 33
1966 21
2452 96
2431 93
2025 30
==7/6.458/6.48
ave:6.646
0:1826
100:2479

body
3556 84
3658 94
3452 73
3113 38
3518 80
==9.686/9.429/9.643
ave:9.586
0:2752
100:3711


feet 
972 17
1207 90


==3.219
0:917
100:1239


weapon
11628 96 +9
11624 96 +9 == +9 41/39 ==40  7786-11786
11546 94 +9
11375 88 +9
9465 89 +8
9584 94 +8
5254 92 +5


head
2103 98 +4
2002 79 +4 == 5.316 1582-2114
2002 79 +4
2041 86 +4
2463 80 +5
2841 56 +6
3133 91 +6 ==8.343 2374-3208
3157 94 +6


shoudler
5889 69 +6
4067 16 +5
3934 73 +4
3854 65 +4 == 10 3204-4204
4004 79 +4
3963 75 +4
3787 59 +4
4056 84 +4

body
9158 82 +6
9116 80 +6
8699 63 +6
10508 0 +8
7589 90 +5
5877 71 +4
1877 56 +4
5810 67 +4
6121 86 +4

leg
3032 79 +6
2994 74 +6
1956 71 +4
1959 71 +4
1988 71 +4
2093 96 +4
972 17 +0









aurite stats

weap 1638-2211

head 620-837

shoulder 1240-1674

body 1860-2511

feet 620-837


upgrade 1 star T1: 1 1 star gives 6.66%
